   0.13729
   0.00000
   0.66829
   0.00000
   1.14214
   0.00000
   1.52495
   0.00000
   1.79093
   0.00000
   1.93126
   0.00000
   1.94618
   0.00000
   1.85176
   0.00000
   1.67195
   0.00000
   1.43648
   0.00000
   1.17561
   0.00000
   0.91380
   0.00000
   0.67286
   0.00000
   0.46912
   0.00000
   0.30739
   0.00000
   0.18579
   0.00000
   0.10106
   0.00000
   0.04796
   0.00000
   0.01833
   0.00000
   0.00385
   0.00000
   0.00000
   0.00000
   0.00000
   0.00000
   0.00000
   0.00000
   0.00000
   0.00000
   0.00000
   0.00000
