   0.13497
   0.00000
   0.65753
   0.00000
   1.12647
   0.00000
   1.51105
   0.00000
   1.78613
   0.00000
   1.94223
   0.00000
   1.97871
   0.00000
   1.90820
   0.00000
   1.75099
   0.00000
   1.53300
   0.00000
   1.28166
   0.00000
   1.02014
   0.00000
   0.77062
   0.00000
   0.55205
   0.00000
   0.37296
   0.00000
   0.23429
   0.00000
   0.13446
   0.00000
   0.06929
   0.00000
   0.03116
   0.00000
   0.01115
   0.00000
   0.00162
   0.00000
   0.00000
   0.00000
   0.00000
   0.00000
   0.00000
   0.00000
   0.00000
   0.00000
