   0.12903
   0.00000
   0.63347
   0.00000
   1.09313
   0.00000
   1.47839
   0.00000
   1.76797
   0.00000
   1.94999
   0.00000
   2.02230
   0.00000
   1.99214
   0.00000
   1.87473
   0.00000
   1.69085
   0.00000
   1.46371
   0.00000
   1.21633
   0.00000
   0.96937
   0.00000
   0.73980
   0.00000
   0.53974
   0.00000
   0.37579
   0.00000
   0.24926
   0.00000
   0.15714
   0.00000
   0.09372
   0.00000
   0.05236
   0.00000
   0.02671
   0.00000
   0.01141
   0.00000
   0.00237
   0.00000
   0.00000
   0.00000
   0.00000
   0.00000
