   0.15589
   0.00000
   0.72960
   0.00000
   1.13694
   0.00000
   1.31319
   0.00000
   1.25867
   0.00000
   1.03891
   0.00000
   0.74721
   0.00000
   0.46486
   0.00000
   0.24708
   0.00000
   0.11154
   0.00000
   0.04295
   0.00000
   0.01436
   0.00000
   0.00447
   0.00000
   0.00162
   0.00000
   0.00087
   0.00000
   0.00060
   0.00000
   0.00038
   0.00000
   0.00020
   0.00000
   0.00004
   0.00000
   0.00000
   0.00000
   0.00000
   0.00000
   0.00000
   0.00000
   0.00000
   0.00000
   0.00001
   0.00000
   0.00004
   0.00000
