   0.13780
   0.00000
   0.67026
   0.00000
   1.14338
   0.00000
   1.52247
   0.00000
   1.78209
   0.00000
   1.91381
   0.00000
   1.91930
   0.00000
   1.81583
   0.00000
   1.62898
   0.00000
   1.39030
   0.00000
   1.12950
   0.00000
   0.87105
   0.00000
   0.63684
   0.00000
   0.44148
   0.00000
   0.28797
   0.00000
   0.17409
   0.00000
   0.09623
   0.00000
   0.04845
   0.00000
   0.02233
   0.00000
   0.00965
   0.00000
   0.00413
   0.00000
   0.00201
   0.00000
   0.00129
   0.00000
   0.00112
   0.00000
   0.00131
   0.00000
